fileid_0,70,70,70,75,85,85
fileid_101,50,60,65,70,65,65
fileid_102,45,45,55,50,50,70
fileid_104,75,70,65,70,70,80
fileid_105,35,35,55,75,100,95
fileid_107,70,65,70,80,95,90
fileid_110,45,50,45,55,55,70
fileid_112,70,75,80,80,90,90
fileid_113,90,90,90,85,85,95
fileid_116,50,60,60,70,75,75
fileid_117,60,65,65,50,50,50
fileid_118,65,75,110,90,90,85
fileid_125,50,50,55,65,65,60
fileid_127,50,65,75,75,80,90
fileid_130,60,60,60,55,60,90
fileid_132,45,45,55,60,70,70
fileid_133,50,60,55,65,70,75
fileid_134,80,90,90,75,95,95
fileid_136,65,75,85,85,100,100
fileid_137,60,65,65,65,80,80
fileid_139,60,65,65,50,50,50
fileid_14,50,50,60,70,60,60
fileid_142,55,50,35,55,65,65
fileid_143,50,65,75,75,80,90
fileid_145,75,85,90,90,100,9.125000e+01
fileid_146,50,50,60,70,60,60
fileid_147,95,80,90,105,100,95
fileid_149,35,35,55,75,100,95
fileid_150,30,30,20,20,25,25
fileid_152,75,90,105,90,105,95
fileid_155,20,25,35,20,50,45
fileid_156,60,60,60,55,60,90
fileid_158,55,70,95,105,110,105
fileid_16,50,50,55,70,105,95
fileid_161,65,60,80,120,120,120
fileid_163,65,60,50,60,50,50
fileid_165,35,30,20,35,40,40
fileid_166,45,60,65,60,70,70
fileid_167,65,55,70,100,95,95
fileid_169,30,20,60,70,60,60
fileid_17,35,45,55,45,50,50
fileid_170,80,100,105,95,105,95
fileid_173,30,20,60,70,60,60
fileid_175,50,60,60,70,75,75
fileid_176,90,90,90,85,85,95
fileid_178,40,45,65,90,85,95
fileid_180,20,35,50,50,50,75
fileid_181,80,90,90,75,95,95
fileid_19,75,75,70,80,80,95
fileid_191,45,50,45,55,55,70
fileid_192,30,20,60,70,60,60
fileid_197,85,95,95,90,100,100
fileid_199,90,85,70,100,100,95
fileid_2,50,60,55,65,70,75
fileid_20,65,75,85,85,100,100
fileid_200,60,60,50,60,60,70
fileid_201,50,50,55,70,105,95
fileid_205,85,100,110,90,85,95
fileid_206,35,50,65,60,90,95
fileid_207,20,25,35,20,50,45
fileid_208,100,100,100,105,100,105
fileid_21,50,60,55,65,70,75
fileid_210,30,40,55,45,60,75
fileid_213,50,50,55,70,105,95
fileid_214,65,75,85,85,100,100
fileid_218,90,95,100,100,100,95
fileid_220,55,50,55,60,60,70
fileid_221,20,35,50,50,50,75
fileid_223,45,45,50,50,60,85
fileid_228,50,45,50,55,60,60
fileid_229,75,85,85,75,70,95
fileid_23,60,60,50,60,60,70
fileid_231,70,65,70,80,95,90
fileid_232,60,60,50,60,60,70
fileid_234,40,45,55,60,85,90
fileid_238,80,90,90,75,95,95
fileid_241,20,15,30,60,75,75
fileid_243,45,45,50,50,60,85
fileid_245,75,70,60,60,50,50
fileid_247,45,40,25,35,35,35
fileid_249,30,45,60,65,65,75
fileid_250,35,50,65,60,90,95
fileid_252,55,50,55,60,60,70
fileid_253,55,55,65,70,75,75
fileid_255,60,55,55,60,60,70
fileid_26,35,30,20,35,40,40
fileid_261,40,45,55,60,85,90
fileid_264,30,20,60,70,60,60
fileid_268,45,40,45,55,70,75
fileid_271,75,70,60,60,50,50
fileid_274,90,80,75,75,85,95
fileid_275,60,65,65,65,80,80
fileid_277,30,40,55,70,75,75
fileid_280,90,105,100,90,90,90
fileid_282,35,35,55,75,100,95
fileid_283,30,30,20,20,25,25
fileid_285,75,80,80,75,95,90
fileid_287,75,75,70,80,80,95
fileid_288,30,45,60,65,65,75
fileid_289,50,50,55,65,65,60
fileid_290,50,65,75,75,80,90
fileid_291,50,55,65,65,75,90
fileid_293,55,45,50,30,40,40
fileid_296,75,70,60,55,85,85
fileid_3,50,50,60,70,60,60
fileid_300,75,85,85,75,70,95
fileid_33,35,35,55,75,100,95
fileid_34,75,75,70,80,80,95
fileid_35,45,55,60,70,75,70
fileid_37,60,75,95,95,90,80
fileid_38,75,80,80,75,85,95
fileid_4,40,45,65,90,85,95
fileid_42,75,80,80,75,85,95
fileid_43,50,55,55,45,55,60
fileid_44,40,45,65,90,85,95
fileid_45,65,70,60,55,45,85
fileid_47,70,75,80,80,90,90
fileid_48,55,50,55,60,60,70
fileid_49,20,30,50,80,90,75
fileid_5,100,100,100,105,100,105
fileid_50,65,90,85,80,85,95
fileid_52,45,45,55,60,70,70
fileid_53,75,80,80,75,95,90
fileid_54,15,5,25,25,35,35
fileid_57,50,65,75,75,80,90
fileid_58,35,35,55,75,100,95
fileid_59,45,55,60,70,75,70
fileid_6,20,20,10,20,10,30
fileid_60,75,85,90,90,100,9.125000e+01
fileid_63,55,55,65,70,75,75
fileid_64,45,55,60,70,75,70
fileid_66,80,90,90,75,95,95
fileid_67,75,75,70,80,80,95
fileid_69,45,45,50,50,60,85
fileid_7,45,45,50,50,60,85
fileid_71,75,90,105,90,105,95
fileid_72,85,85,90,85,90,95
fileid_73,45,45,55,50,50,70
fileid_76,60,55,55,60,60,70
fileid_77,45,50,45,55,55,70
fileid_8,65,75,90,80,80,80
fileid_80,100,100,100,80,105,105
fileid_81,45,45,50,50,60,85
fileid_82,45,40,25,35,35,35
fileid_88,60,55,55,60,60,70
fileid_89,65,55,70,100,95,95
fileid_9,75,70,60,60,50,50
fileid_90,75,85,90,90,100,9.125000e+01
fileid_94,50,50,60,70,60,60
fileid_96,65,75,65,65,60,70
